- OS: Windows-10-10.0.19045-SP0 10.0.19045
- Python: 3.12.7
- Stable-Baselines3: 2.6.0
- PyTorch: 2.6.0+cu118
- GPU Enabled: True
- Numpy: 1.26.4
- Cloudpickle: 3.0.0
- Gymnasium: 1.1.1
- OpenAI Gym: 0.26.2
